0.002941
1.246
1.568
26.89
0.04964
0.3473
0.1667
0.0842
0.2184
0.0605
26.89
0.08712
0.08843
0.7072
0.6749
0.9521
20.06
2.905
0.007863
2.51
6.608
4.298
0.057
0.9018
0.01892
0.004783
0.6066
0.3271
0.09227
0.1137
0.2598
0.03589
0.005061
0.05793
5.651
0.1996
2.2
0.05494
0.6464
0.1313
0.675
0.4222
0.02793
0.1127
1.05
0.029
0.1111
0.1754
0.6971
2.65
0.03504
0.0929
3.158
0.8934
0.01758
0.2159
0.09649
12.78
0.4037
1.105
0.03217
0.02311
0.5641
0.1454
5.019
0.1127
1.412
0.3027
0.5345
1.314
3.177
0.03142
0.02108
0.4221
0.1346
0.4447
0.02389
0.1171
0.8579
20.59
0.02218
0.01745
0.2049
0.9893
1.225
0.03498
4.668
0.03126
28.41
0.03456
15.02
0.2379
0.1041
2.325
0.09558
0.1375
0.1637
0.1603
1.369
0.4043
