0.00196
0.01772
0.02222
0.2794
0.001153
0.004429
0.002238
0.004332
0.009256
0.0008649
0.7473
0.004993
0.0005071
0.007395
0.02829
0.0009255
0.1084
0.00593
0.0006446
0.04105
0.08282
0.0004931
0.002848
0.001354
0.0006034
0.002894
0.003888
0.001501
0.0008463
0.005164
0.00215
0.001324
0.004698
0.00116
0.06759
0.00198
0.0319
0.00165
0.003604
0.0009827
0.007281
0.006032
0.02792
0.00301
0.004039
0.0005753
0.004211
0.002171
0.01262
0.01143
0.0007485
0.003947
0.02892
0.01244
0.0008303
0.00127
0.001173
0.1598
0.006449
0.009043
0.0009322
0.00122
0.005494
0.001572
0.07767
0.00187
0.004266
0.006622
0.001313
0.01632
0.04091
0.001466
0.0006531
0.002714
0.003973
0.001331
0.0004692
0.001994
0.004802
0.4937
0.0005462
0.0004677
0.003944
0.002182
0.01186
0.0007547
0.04497
0.001773
0.4584
0.0008141
0.2119
0.005092
0.001368
0.01158
0.0005468
0.001602
0.001682
0.0005933
0.006198
0.005183
